G=6.6743*10^-11 ;
d=sqrt(2*G*5.2*10^25*(1/(.46*10^7)-1/(2.4*10^7))+(2.3*10^7)^2)